 0.0000023299582881
 0.0000005806197111
 0.0000001461859138
 0.0000000369178556
 0.0000000089947355
 0.0000046439269641
 0.0000012012515413
 0.0000002968064723
 0.0000000727865442
 0.0000000183790226
 0.0037078826913355
 0.0016098484258631
 0.0004065553860908
 0.0001278386189814
 0.0000413060228048
 0.0000022900803422
 0.0000005790176193
 0.0000001451540738
 0.0000000353600348
 0.0000000091699647
 0.0000047514355781
 0.0000011694431765
 0.0000002987561600
 0.0000000747048041
 0.0000000180140851
 0.0046521005328000
 0.0015924824091922
 0.0005117336447356
 0.0001348320064629
 0.0000417043112790
 0.0000022911722709
 0.0000005729000183
 0.0000001417480180
 0.0000000366304942
 0.0000000089953409
 0.0000047155100512
 0.0000011769483605
 0.0000002873376521
 0.0000000726586444
 0.0000000178453968
 0.0051151824465716
 0.0012078939175240
 0.0004893249156481
 0.0001999387174454
 0.0000381124211106
 0.0000022827455594
 0.0000005828985957
 0.0000001470332647
 0.0000000352205942
 0.0000000088473848
 0.0000046540338905
 0.0000011701297261
 0.0000002899132832
 0.0000000735844962
 0.0000000178815137
 0.0045456307353398
 0.0015370974581153
 0.0005706673898072
 0.0001325567664647
 0.0000509061350638
 0.0000023100415141
 0.0000005687560037
 0.0000001448679769
 0.0000000347906088
 0.0000000088820025
 0.0000046610482330
 0.0000011726740722
 0.0000002872200241
 0.0000000720337260
 0.0000000191205155
 0.0044431323931793
 0.0019500217972066
 0.0005659693808031
 0.0001521939552163
 0.0000489694355732
 0.0000023282090421
 0.0000005800644376
 0.0000001451702548
 0.0000000358488271
 0.0000000087865414
 0.0000046829604942
 0.0000011740935915
 0.0000002925876003
 0.0000000707677645
 0.0000000180324115
 0.0043820241417283
 0.0021684786691978
 0.0004269408341244
 0.0001459471733103
 0.0000498522019239
 0.0000022902171538
 0.0000005853005209
 0.0000001476493295
 0.0000000365550399
 0.0000000085440292
 0.0000054237620135
 0.0000011669010236
 0.0000002889767047
 0.0000000722702360
 0.0000000176430175
 0.0052310924046992
 0.0017857326370816
 0.0006510821058647
 0.0001352721683343
 0.0000436949072906
