TASMANIAN SG 4.0
WARNING: do not edit this manually
localpolynomial
2 1 1 3
localp
1 2 25 0 0 0 1 0 2 0 3 0 4 0 5 0 6 0 7 0 8 1 0 1 1 1 2 1 3 1 4 2 0 2 1 2 2 2 3 2 4 3 0 3 1 3 2 4 0 4 1 4 2
1  -6.10014331509833369e+02 -1.02687751731923527e+00 -7.74306635897914930e-01 3.72630926660008299e+00 -3.57979231063723091e-01 -5.50255663256393746e-09 1.95202312425294622e-01 -1.74908608917235142e-01 -2.03012762719936291e-02 7.34769443930133548e+00 -6.25928189878732155e+00 -7.53238635445188720e+00 3.23206618213824868e+01 -2.83331395040244161e+00 -7.08310233071529183e-01 6.81932835400061776e-01 8.14319290370008275e-01 -3.39899619517672136e+00 2.98717818525062739e-01 3.95888934008326032e-05 3.42434942979252810e-04 -2.07677417648710616e-03 -1.99234819369962679e-01 1.73520451032516121e-01 1.97761967781445946e-01
0
0
1 0
0 4 5 6 8 10 10 10 10 10 13 14 15 15 15 18 19 20 20 20 22 22 22 24 24 24
9 14 1 2 3 4 5 6 7 8 19 10 11 12 13 22 15 16 17 18 20 21 23 24
1 25 1 -6.10014331509833369e+02 -6.11041209027152604e+02 -6.10788638145731284e+02 -6.06801461001892903e+02 -6.10759464058846106e+02 -6.08921335020025253e+02 -6.08212693943437785e+02 -6.10561806393257029e+02 -6.10794352378560689e+02 -6.02666637070532033e+02 -6.09952796486638590e+02 -6.10973330060881835e+02 -5.70262745690602742e+02 -6.10011276747173042e+02 -6.10722641742904898e+02 -6.11067586424824071e+02 -6.10682629088432805e+02 -6.10567801012441123e+02 -6.10761896828207455e+02 -6.06340444701289243e+02 -6.10496620733059217e+02 -6.10883021288589589e+02 -6.10567721445739153e+02 -6.11080112094325727e+02 -6.10737106468670618e+02
custom
2.00000000000000011e-01 3.00000000000000000e+00
2.00000000000000011e-01 3.00000000000000000e+00
TASMANIAN SG end
