TASMANIAN SG 4.0
WARNING: do not edit this manually
localpolynomial
2 1 1 3
localp
1 2 25 0 0 0 1 0 2 0 3 0 4 0 5 0 6 0 7 0 8 1 0 1 1 1 2 1 3 1 4 2 0 2 1 2 2 2 3 2 4 3 0 3 1 3 2 4 0 4 1 4 2
1  -6.81576122452067921e+02 -2.32002738245455475e-01 -2.30695051935413176e-01 2.17108164371779822e-01 -3.57873967770956369e-02 -4.30100044468417764e-09 3.19899948474358098e-02 -7.27973686946370435e-03 -7.71765455408512935e-03 4.63942668574190975e-01 -3.60727851357069085e-01 -3.54435720368883267e-01 4.03227969044678503e-01 -4.48937066272492302e-02 -1.82577105012569518e-01 1.42836670704582502e-01 1.36628087419353506e-01 -1.44690824372332827e-01 1.49515586495567732e-02 2.38099801208591089e-06 4.29059059570136014e-06 -1.97359963749477174e-05 -2.40270483262747803e-02 1.83388760880234258e-02 1.58753481628082227e-02
0
0
1 0
0 4 5 6 8 10 10 10 10 10 13 14 15 15 15 18 19 20 20 20 22 22 22 24 24 24
9 14 1 2 3 4 5 6 7 8 19 10 11 12 13 22 15 16 17 18 20 21 23 24
1 25 1 -6.81576122452067921e+02 -6.81808125190313376e+02 -6.81806817504003334e+02 -6.81475015656818869e+02 -6.81727257374812780e+02 -6.81641570427867009e+02 -6.81493579059596073e+02 -6.81658969650309814e+02 -6.81774755093962085e+02 -6.81112179783493730e+02 -6.81704910373096254e+02 -6.81697310555798026e+02 -6.80788208944878534e+02 -6.81485426273050166e+02 -6.81758699557080490e+02 -6.81847865624621363e+02 -6.81852766521596550e+02 -6.81730865250851480e+02 -6.81826568877466116e+02 -6.81344148736782813e+02 -6.81756511110116207e+02 -6.81752081384899043e+02 -6.81691438052900480e+02 -6.81833683579705621e+02 -6.81837943712963352e+02
custom
2.00000000000000011e-01 3.00000000000000000e+00
2.00000000000000011e-01 3.00000000000000000e+00
TASMANIAN SG end
