TASMANIAN SG 4.0
WARNING: do not edit this manually
localpolynomial
2 1 1 3
localp
1 2 25 0 0 0 1 0 2 0 3 0 4 0 5 0 6 0 7 0 8 1 0 1 1 1 2 1 3 1 4 2 0 2 1 2 2 2 3 2 4 3 0 3 1 3 2 4 0 4 1 4 2
1  -6.84120843287269508e+02 -3.59700258804878104e-02 -2.85045710625126958e-02 1.91086453630759934e-02 -9.85069623880008294e-04 -4.24859081249451265e-09 3.66621291823321371e-03 3.08972036918930826e-04 -5.61174292897703708e-04 4.38640723136813904e-02 -3.21516962708301435e-02 -2.40641873936056072e-02 2.16902516897334863e-02 -7.56495517748589918e-04 -2.39573727182005314e-02 1.75424827745018774e-02 1.25559295873927113e-02 -1.05543637152436531e-02 1.82449090345926379e-04 2.00089402824232820e-07 2.48486117016000208e-07 -8.57203644955006894e-07 -2.19888437345616694e-03 1.57137293064124606e-03 1.02750155298281243e-03
0
0
1 0
0 4 5 6 8 10 10 10 10 10 13 14 15 15 15 18 19 20 20 20 22 22 22 24 24 24
9 14 1 2 3 4 5 6 7 8 19 10 11 12 13 22 15 16 17 18 20 21 23 24
1 25 1 -6.84120843287269508e+02 -6.84156813313149996e+02 -6.84149347858332021e+02 -6.84119719654846676e+02 -6.84136080642424645e+02 -6.84138266488246927e+02 -6.84116615258139859e+02 -6.84128152992810101e+02 -6.84143275424671174e+02 -6.84076979214955827e+02 -6.84145100937107145e+02 -6.84129547973411945e+02 -6.84070241178978677e+02 -6.84105005159325515e+02 -6.84144800659987709e+02 -6.84163228203093695e+02 -6.84160749301462829e+02 -6.84145460149892870e+02 -6.84153577601258803e+02 -6.84098911051023265e+02 -6.84150956676553051e+02 -6.84139448572986225e+02 -6.84135020858002122e+02 -6.84160648269564604e+02 -6.84156219962717842e+02
custom
2.00000000000000011e-01 3.00000000000000000e+00
2.00000000000000011e-01 3.00000000000000000e+00
TASMANIAN SG end
