TASMANIAN SG 4.0
WARNING: do not edit this manually
localpolynomial
2 1 1 3
localp
1 2 25 0 0 0 1 0 2 0 3 0 4 0 5 0 6 0 7 0 8 1 0 1 1 1 2 1 3 1 4 2 0 2 1 2 2 2 3 2 4 3 0 3 1 3 2 4 0 4 1 4 2
1  -6.83478181985405172e+02 -9.50425197133881738e-02 -8.59694928402632286e-02 6.58256304928954705e-02 -7.86761259359991527e-03 -4.26007318310439587e-09 1.12589156281046598e-02 -6.75228012596562621e-04 -2.35678897195157333e-03 1.45399827112214552e-01 -1.09876105981470573e-01 -9.54645131145070991e-02 9.35206484683135386e-02 -7.25704502639246130e-03 -6.89333390400861390e-02 5.21931433935378664e-02 4.37700439723585077e-02 -3.98640451017513442e-02 2.59072157388118285e-03 7.23923562873096671e-07 1.00947511327831307e-06 -4.16816533288510982e-06 -7.55299393199493352e-03 5.58001662329843384e-03 4.24144141823035170e-03
0
0
1 0
0 4 5 6 8 10 10 10 10 10 13 14 15 15 15 18 19 20 20 20 22 22 22 24 24 24
9 14 1 2 3 4 5 6 7 8 19 10 11 12 13 22 15 16 17 18 20 21 23 24
1 25 1 -6.83478181985405172e+02 -6.83573224505118560e+02 -6.83564151478245435e+02 -6.83459877614768970e+02 -6.83529034344418847e+02 -6.83516551064203895e+02 -6.83457770884458910e+02 -6.83504283392924663e+02 -6.83548949700304092e+02 -6.83332782158292957e+02 -6.83537700783987816e+02 -6.83514216164247728e+02 -6.83275895192179178e+02 -6.83438623818890278e+02 -6.83547115324445258e+02 -6.83589964700765108e+02 -6.83589314773313163e+02 -6.83542578427214039e+02 -6.83573491939898986e+02 -6.83405481347925502e+02 -6.83555460911154569e+02 -6.83539187265488408e+02 -6.83520201648857210e+02 -6.83583567580250588e+02 -6.83580044678293007e+02
custom
2.00000000000000011e-01 3.00000000000000000e+00
2.00000000000000011e-01 3.00000000000000000e+00
TASMANIAN SG end
