TASMANIAN SG 4.0
WARNING: do not edit this manually
localpolynomial
2 1 1 3
localp
1 2 25 0 0 0 1 0 2 0 3 0 4 0 5 0 6 0 7 0 8 1 0 1 1 1 2 1 3 1 4 2 0 2 1 2 2 2 3 2 4 3 0 3 1 3 2 4 0 4 1 4 2
1  -6.75963930813696152e+02 -5.01374226027792247e-01 -5.24774469738872540e-01 6.69260494960099095e-01 -1.20665966353953991e-01 -4.44993020209949464e-09 8.04445605917862849e-02 -3.40118046248107930e-02 -1.92469539199464634e-02 1.39061415942728672e+00 -1.11105199742155492e+00 -1.20317517480509650e+00 1.73857663368494286e+00 -2.26354846375841134e-01 -4.23059970966278343e-01 3.42570772794374534e-01 3.64112416997727451e-01 -4.92849226120426920e-01 6.21120745826715392e-02 7.25232325748947915e-06 1.84376024208177114e-05 -9.30849491851404309e-05 -6.76423834077013453e-02 5.33602721748138720e-02 5.16333582012293846e-02
0
0
1 0
0 4 5 6 8 10 10 10 10 10 13 14 15 15 15 18 19 20 20 20 22 22 22 24 24 24
9 14 1 2 3 4 5 6 7 8 19 10 11 12 13 22 15 16 17 18 20 21 23 24
1 25 1 -6.75963930813696152e+02 -6.76465305039723944e+02 -6.76488705283435024e+02 -6.75545357431749949e+02 -6.76346984014919485e+02 -6.76005331240186933e+02 -6.75674199562131207e+02 -6.76189469218932686e+02 -6.76437091603097201e+02 -6.74573316654268865e+02 -6.76185742877718212e+02 -6.76301266298812834e+02 -6.72971692637348497e+02 -6.75784312289270702e+02 -6.76386990784662430e+02 -6.76545794237895848e+02 -6.76547652837403575e+02 -6.76289981242439467e+02 -6.76525875702804342e+02 -6.75268616481659251e+02 -6.76325498268795400e+02 -6.76395071623749800e+02 -6.76243103182586992e+02 -6.76519831750042840e+02 -6.76534188085625829e+02
custom
2.00000000000000011e-01 3.00000000000000000e+00
2.00000000000000011e-01 3.00000000000000000e+00
TASMANIAN SG end
