TASMANIAN SG 4.0
WARNING: do not edit this manually
localpolynomial
2 1 1 3
localp
1 2 25 0 0 0 1 0 2 0 3 0 4 0 5 0 6 0 7 0 8 1 0 1 1 1 2 1 3 1 4 2 0 2 1 2 2 2 3 2 4 3 0 3 1 3 2 4 0 4 1 4 2
1  -5.92524707216751040e+02 -3.56893517884827816e-01 1.54064002646691733e-01 -1.77977881321567111e-08 2.27419859643305244e-02 -4.97971086588222533e-09 -1.49213974509621039e-08 1.09966467375670618e-02 1.68864809688784590e-03 -3.56893520695393818e-01 7.51015249988995492e-09 2.20228457692428492e-08 1.52247139340033755e-08 2.63560764324211050e-08 1.51529794207021951e-01 2.31023022934095934e-08 3.87810814572731033e-08 1.69825398188550025e-08 7.91771981312194839e-09 -1.89394313565571792e-08 1.52246002471656539e-08 1.75579089045641012e-08 1.61061347507711616e-02 2.58932573160564061e-08 7.97484744907706045e-09
0
0
1 0
0 4 5 6 8 10 10 10 10 10 13 14 15 15 15 18 19 20 20 20 22 22 22 24 24 24
9 14 1 2 3 4 5 6 7 8 19 10 11 12 13 22 15 16 17 18 20 21 23 24
1 25 1 -5.92524707216751040e+02 -5.92881600734635867e+02 -5.92370643214104348e+02 -5.92703153993491242e+02 -5.92424933229463363e+02 -5.92792377369043379e+02 -5.92613930620042424e+02 -5.92463823576369577e+02 -5.92396099573686911e+02 -5.92881600737446433e+02 -5.93238494247821109e+02 -5.92727536712776896e+02 -5.93060047495206845e+02 -5.92781826712791258e+02 -5.92373177422544018e+02 -5.92730070917326543e+02 -5.92219113381116244e+02 -5.92551624170750529e+02 -5.92273403407948081e+02 -5.92703153996038168e+02 -5.93060047494943319e+02 -5.92549089964822087e+02 -5.92432836184896701e+02 -5.92789729665337177e+02 -5.92278772154884678e+02
custom
2.00000000000000011e-01 3.00000000000000000e+00
2.00000000000000011e-01 3.00000000000000000e+00
TASMANIAN SG end
