TASMANIAN SG 4.0
WARNING: do not edit this manually
localpolynomial
2 1 1 3
localp
1 2 25 0 0 0 1 0 2 0 3 0 4 0 5 0 6 0 7 0 8 1 0 1 1 1 2 1 3 1 4 2 0 2 1 2 2 2 3 2 4 3 0 3 1 3 2 4 0 4 1 4 2
1  -6.10921029911209416e+02 -2.78376947108199602e-01 1.25587284815992462e-01 -1.80970118890400045e-08 1.89213367206093608e-02 -5.10181052959524095e-09 -1.51696895045461133e-08 8.57504093164607184e-03 1.64596831928065512e-03 -2.78376950234132892e-01 7.51924744690768421e-09 2.25245457841083407e-08 1.55243924382375553e-08 2.65875996774411760e-08 1.22910210961094890e-01 2.33098944590892643e-08 3.92707306673401035e-08 1.73926082425168715e-08 7.78976527726626955e-09 -1.93689402294694446e-08 1.55241650645621121e-08 1.78129084815736860e-08 1.31726041313413589e-02 2.62583057519805152e-08 7.83433051765314303e-09
0
0
1 0
0 4 5 6 8 10 10 10 10 10 13 14 15 15 15 18 19 20 20 20 22 22 22 24 24 24
9 14 1 2 3 4 5 6 7 8 19 10 11 12 13 22 15 16 17 18 20 21 23 24
1 25 1 -6.10921029911209416e+02 -6.11199406858317616e+02 -6.10795442626393424e+02 -6.11060218402860528e+02 -6.10839314932080811e+02 -6.11129812635690882e+02 -6.10990624172204548e+02 -6.10871597380713411e+02 -6.10815732810917893e+02 -6.11199406861443549e+02 -6.11477783801032501e+02 -6.11073819554103011e+02 -6.11338595333810645e+02 -6.11117691844465071e+02 -6.10798119700248321e+02 -6.11076496624046626e+02 -6.10672532376161598e+02 -6.10937308162851878e+02 -6.10716404693694585e+02 -6.11060218405695423e+02 -6.11338595333519834e+02 -6.10934631091804249e+02 -6.10846402201597584e+02 -6.11124779110792474e+02 -6.10720814889311896e+02
custom
2.00000000000000011e-01 3.00000000000000000e+00
2.00000000000000011e-01 3.00000000000000000e+00
TASMANIAN SG end
