TASMANIAN SG 4.0
WARNING: do not edit this manually
localpolynomial
2 1 1 3
localp
1 2 27 0 0 0 1 0 2 0 3 0 4 0 5 0 6 0 7 0 8 1 0 1 1 1 2 1 3 1 4 2 0 2 1 2 2 2 3 2 4 3 0 3 1 3 2 4 0 4 1 4 2 5 0 6 0
1  -4.59870829263101768e+02 -9.64184704817000693e-01 3.44221812198327370e-01 -1.50004098031786270e-08 3.83219267738468261e-02 -4.72221017844276503e-09 -1.25831434161227662e-08 2.52003956566682064e-02 9.29545467272419046e-04 -9.64184706422088311e-01 6.89652779328753240e-09 1.77065544448851142e-08 1.39355287137307045e+02 2.34426522638386814e-08 3.43252310866830612e-01 2.16035687117255293e-08 3.23916538036428392e-08 1.85560793397598900e-08 8.64162075231433846e-09 -1.56306327880884055e-08 1.47640550557071037e-03 1.50056962411326822e-08 3.05006480544989245e-02 -1.01833407484264171e-06 -1.03119484151648066e-06 -1.26021859614411369e-09 -4.48665105068357661e-09
0
0
1 0
0 4 5 6 8 10 10 10 10 10 13 14 15 15 15 18 19 20 20 20 24 24 24 26 26 26 26 26
9 14 1 2 3 4 5 6 7 8 19 10 11 12 13 22 15 16 17 18 25 26 20 21 23 24
1 27 1 -4.59870829263101768e+02 -4.60835013967918769e+02 -4.59526607450903441e+02 -4.60352921630510707e+02 -4.59660396430228730e+02 -4.60593967803936948e+02 -4.60111875459389353e+02 -4.59740412451008581e+02 -4.59592572395098841e+02 -4.60835013969523857e+02 -4.61799198667444330e+02 -4.60490792139618975e+02 -3.21961819196177487e+02 -4.60624581104354888e+02 -4.59527576952234938e+02 -4.60491761635448370e+02 -4.59183355107644957e+02 -4.60009669290285956e+02 -4.59317144094524451e+02 -4.60352921631943445e+02 -4.61315629927806583e+02 -4.60008699795886116e+02 -4.59668702459613826e+02 -4.60632888171963145e+02 -4.59324481662414541e+02 -4.60593967801993813e+02 -4.60111875452009258e+02
custom
2.00000000000000011e-01 3.00000000000000000e+00
2.00000000000000011e-01 3.00000000000000000e+00
TASMANIAN SG end
