TASMANIAN SG 4.0
WARNING: do not edit this manually
localpolynomial
2 1 1 3
localp
1 2 27 0 0 0 1 0 2 0 3 0 4 0 5 0 6 0 7 0 8 1 0 1 1 1 2 1 3 1 4 2 0 2 1 2 2 2 3 2 4 3 0 3 1 3 2 4 0 4 1 4 2 5 0 6 0
1  -6.59388527090498201e+02 -8.79821415286187403e-01 -9.01600309910236319e-01 1.82731222541508487e+00 -2.90570558310378146e-01 -4.99687757837818936e-09 1.62383821918069771e-01 -1.05414044729286616e-01 -3.15336206722349743e-02 3.70593712331310599e+00 -3.04399906519870456e+00 -3.53311307405988373e+00 7.49612880531435621e+00 -9.44708217454262922e-01 -7.63024501165659785e-01 6.46451092579695796e-01 7.41989382142378417e-01 -1.49375340701141113e+00 1.86112384078285231e-01 1.95910135971644195e-05 7.94345261283524451e-05 -4.39338729279370455e-04 -1.52324308134438979e-01 1.24672520865317438e-01 1.32398941316353103e-01 -9.70203473116271198e-10 3.61610204890894238e-07
0
0
1 0
0 4 5 6 8 10 10 10 10 10 13 14 15 15 15 18 19 20 20 20 24 24 24 26 26 26 26 26
9 14 1 2 3 4 5 6 7 8 19 10 11 12 13 22 15 16 17 18 25 26 20 21 23 24
1 27 1 -6.59388527090498201e+02 -6.60268348505784388e+02 -6.60290127400408437e+02 -6.58001125572726210e+02 -6.60129897803763697e+02 -6.59134737044252233e+02 -6.58532442509694079e+02 -6.59864626491860349e+02 -6.60241546222758188e+02 -6.55682589967185095e+02 -6.59606410447669987e+02 -6.60117303351155215e+02 -6.48321059176698100e+02 -6.59135225434934796e+02 -6.60151551591663861e+02 -6.60384921914370352e+02 -6.60311162519431718e+02 -6.59934677934613433e+02 -6.60335815229779882e+02 -6.57535538937828051e+02 -6.59937280451187462e+02 -6.60204135123497508e+02 -6.59922363649215526e+02 -6.60354286997346435e+02 -6.60320570326738107e+02 -6.56609064453476776e+02 -6.58462032652552921e+02
custom
2.00000000000000011e-01 3.00000000000000000e+00
2.00000000000000011e-01 3.00000000000000000e+00
TASMANIAN SG end
