TASMANIAN SG 4.0
WARNING: do not edit this manually
localpolynomial
2 1 1 3
localp
1 2 25 0 0 0 1 0 2 0 3 0 4 0 5 0 6 0 7 0 8 1 0 1 1 1 2 1 3 1 4 2 0 2 1 2 2 2 3 2 4 3 0 3 1 3 2 4 0 4 1 4 2
1  -6.37388533783295884e+02 -4.53453792846613624e+01 -4.69327870487047676e+01 1.52967643187059821e+00 -2.34607891671274729e+01 9.65794767836187020e+01 4.77835012241719028e+02 -2.34606249442105081e+01 -1.38127649847774592e-04 1.65089661021511347e-02 1.37856660896215544e+02 -7.67021369188114477e-03 -9.07265397076830595e+01 1.98850410697559710e-05 -9.87225685355497262e-03 7.02937400615155639e-03 9.86053880839665453e+00 -2.18026261316141472e+01 9.40128995887482120e+01 6.02179852648987435e-08 -6.89342248485128835e+01 -2.20799677208560752e-07 -7.88405384014367883e-04 5.48219560357665614e-04 -1.10431445024516961e-01
0
0
1 0
0 4 5 6 8 10 10 10 10 10 13 14 15 15 15 18 19 20 20 20 22 22 22 24 24 24
9 14 1 2 3 4 5 6 7 8 19 10 11 12 13 22 15 16 17 18 20 21 23 24
1 25 1 -6.37388533783295884e+02 -6.82733913067957246e+02 -6.84321320832000652e+02 -6.58531546993756024e+02 -6.84315716474775741e+02 -5.74053253247237990e+02 -1.70125028146806898e+02 -6.84312750073246320e+02 -6.84318656781037930e+02 -6.37372024817193733e+02 -5.44860743205639551e+02 -6.84312482079590382e+02 -6.80313247287229046e+02 -6.84303022730478460e+02 -6.37398406040149439e+02 -6.82736755950804650e+02 -6.74470654280457552e+02 -6.80340530695220650e+02 -5.85382419738682756e+02 -6.37380279240026766e+02 -6.82731552925093297e+02 -6.84316901616377208e+02 -6.37394258317106733e+02 -6.82735574695204605e+02 -6.79507207406637690e+02
custom
2.00000000000000011e-01 3.00000000000000000e+00
2.00000000000000011e-01 3.00000000000000000e+00
TASMANIAN SG end
