TASMANIAN SG 4.0
WARNING: do not edit this manually
localpolynomial
2 1 1 2
localp
1 2 12 0 0 0 1 0 2 0 3 0 4 1 0 1 1 1 2 2 0 2 1 2 2 3 0
1  1.54051757331221184e+00 -3.36263318802341260e+00 9.15732623239629451e-01 7.36347500833191226e-01 8.68327200848562075e-02 -3.36263318822901214e+00 -2.16381852625217652e+00 4.18340348946191654e-01 9.15732623279093438e-01 4.18340348155779029e-01 -5.21837194061469667e-02 7.36347501013970618e-01
0
0
1 0
0 4 5 6 6 6 9 9 9 11 11 11 11
5 8 1 2 3 4 11 6 7 9 10
1 12 1 1.54051757331221184e+00 -1.82211561471120076e+00 2.45625019655184129e+00 5.95548480133696767e-01 2.08521660501688277e+00 -1.82211561491680030e+00 -7.34856732919238986e+00 -4.88042642730979137e-01 2.45625019659130528e+00 -4.88042643276328458e-01 3.31979910042478776e+00 5.95548480211676168e-01
custom
2.00000000000000011e-01 3.00000000000000000e+00
2.00000000000000011e-01 3.00000000000000000e+00
TASMANIAN SG end
